video_id,title,view_count,duration_seconds
p9ronrjr1ts,When Russell Brand Realized He Couldn’t Be Jesus,3161649,19
3PPOyDJKScs,Ellen Got Caught By Katy Perry😂,3080239,23
nUYG9kNKjns,are we cooking ourselves? #shorts #comedy #funny,2777049,39
H2QnmJNgG1Q,Ellen Forgot Katy Perry Was Married! 😳💍😂,2645441,29
O6CjJCWJvno,Russell Brand Is Breaking People Out Of The Matrix #automobile #alphamale #mentalhealthcare #funny,1089932,59
d6IduRehd4M,let’s bring this back #shorts #comedy #funny,1669662,94
7I1HypIOjYk,on the basis of color #shorts #comedy #funny,903981,53
-l2UG50T2W8,ENFJ Russell Brand Deals With Condescending Network Host - SF Play Saviour #mbti #russellbrand #enfj,641178,56
rJSGSw9P4cE,That Time Russell Brand shocked news anchor with secret🤣💀 #shorts #funny #reels #comedy #short #reel,863082,16
2RRltYNmMjU,Russell Brand Preaches BOLDLY👏😱‼️ #christian #russellbrand #church #shorts,465852,60
3l6uB2Oatmw,I remember kids like this...,275952,32
akk82V9oXLs,Bake Off’s Funniest Moments #bakeoff #greatbritishbakeoff,394437,78
EMhe5nP9NYk,This is Britain now. This is real.,345752,90
JjBDiZ7REb4,YOU SOUND LIKE YOU'RE FROM LONDON,200953,26
c0NqaU2YoUE,Chappelle Is Hilarious!,193491,88
F3fpc4q7zjg,Bill Maher BEFUDDLED,186647,47
-9ZIPNq40Zc,Russell Brand & Tommy Robinson - Silencing Tactics: Tommy Robinson's Perspective! #tommyrobinson,334001,19
thr_fEznSqI,Katy Perry Has Gone to Space!,287852,36
LTOlTaOJXMU,Russell Brand & Tommy Robinson - School Secrets: Truth Silenced,206475,22
tIGirSA964Y,What was Elon doing here?,98970,25
